11 11 11 11 11 11 11 11 11 11 11 11 
16 16 16 16 16 16 16 16 16 16 16 16 
11 11 11 11 11 11 11 11 11 11 11 11 
2 2 2 2 2 2 2 2 2 2 2 2 
17 17 17 17 17 17 17 17 17 17 17 17 
16 16 16 16 16 16 16 16 16 16 16 16 
10 10 10 10 10 10 10 10 10 10 10 10 
16 16 16 16 16 16 16 16 16 16 16 16 

1 1 1 1 1 1 1 1 1 1 1 1 
5 5 5 5 5 5 5 5 5 5 5 5 
5 5 5 5 5 5 5 5 5 5 5 5 
10 10 10 10 10 10 10 10 10 10 10 10 
1 1 1 1 1 1 1 1 1 1 1 1 
4 4 4 4 4 4 4 4 4 4 4 4 
4 4 4 4 4 4 4 4 4 4 4 4 
13 13 13 13 13 13 13 13 13 13 13 13 

0 0 0 0 0 0 0 0 0 0 0 0 
17 17 17 17 17 17 17 17 17 17 17 17 
17 17 17 17 17 17 17 17 17 17 17 17 
17 17 17 17 17 17 17 17 17 17 17 17 
17 17 17 17 17 17 17 17 17 17 17 17 
0 0 0 0 0 0 0 0 0 0 0 0 
17 17 17 17 17 17 17 17 17 17 17 17 
0 0 0 0 0 0 0 0 0 0 0 0 

9 9 9 9 9 9 9 9 9 9 9 9 
18 18 18 18 18 18 18 18 18 18 18 18 
18 18 18 18 18 18 18 18 18 18 18 18 
11 11 11 11 11 11 11 11 11 11 11 11 
18 18 18 18 18 18 18 18 18 18 18 18 
13 13 13 13 13 13 13 13 13 13 13 13 
14 14 14 14 14 14 14 14 14 14 14 14 
10 10 10 10 10 10 10 10 10 10 10 10 

13 13 13 13 13 13 13 13 13 13 13 13 
3 3 3 3 3 3 3 3 3 3 3 3 
3 3 3 3 3 3 3 3 3 3 3 3 
4 4 4 4 4 4 4 4 4 4 4 4 
4 4 4 4 4 4 4 4 4 4 4 4 
4 4 4 3 4 4 4 4 4 4 4 4 
15 15 15 15 15 15 15 15 15 15 15 15 
3 3 13 3 3 3 3 3 3 3 3 3 

1 1 1 1 1 1 1 1 1 1 1 1 
7 7 7 7 7 7 7 7 7 7 7 7 
7 7 7 7 7 7 7 7 7 7 7 7 
7 7 7 7 7 7 7 7 7 7 7 7 
7 7 7 7 7 7 7 7 7 7 7 7 
7 7 1 1 1 1 1 7 1 1 7 7 
7 7 7 7 7 7 7 7 7 7 7 7 
7 7 7 7 7 7 7 7 7 7 7 7 

15 15 15 15 15 15 15 15 15 15 15 15 
7 7 7 7 7 14 14 14 14 14 14 14 
14 14 14 14 14 14 4 4 4 4 4 4 
7 7 14 14 14 7 7 7 7 7 7 7 
1 1 1 1 1 1 1 1 1 1 1 1 
14 14 14 14 14 14 14 14 14 14 14 14 
7 7 7 7 7 7 7 7 7 7 7 14 
12 12 12 12 12 12 12 12 12 12 12 12 

8 1 15 15 8 8 15 1 1 14 1 1 
14 14 12 14 14 8 15 14 18 18 1 14 
14 7 7 14 14 14 7 7 14 14 18 14 
14 12 10 10 4 14 1 7 14 14 14 7 
1 1 1 1 1 1 1 1 1 1 1 1 
1 14 14 14 14 14 14 14 14 14 14 14 
15 15 15 15 15 15 15 15 15 15 15 15 
18 18 12 13 12 12 12 12 12 12 13 12 

1 1 1 1 1 1 1 1 1 1 1 1 
5 5 5 5 5 5 5 5 5 5 5 5 
14 14 14 14 14 14 14 14 14 14 14 14 
7 7 7 7 7 7 7 7 7 7 7 7 
1 1 1 1 1 1 1 1 1 1 1 1 
14 14 14 14 14 14 14 14 14 14 14 14 
10 10 10 10 10 10 10 10 10 10 10 10 
12 12 12 12 12 12 12 12 12 12 12 12 

5 5 5 5 5 5 5 5 5 5 5 5 
2 2 2 2 2 2 2 2 2 2 2 2 
5 5 5 5 5 5 5 5 5 5 5 5 
5 5 5 5 5 5 5 5 5 5 5 5 
5 5 5 5 5 5 5 5 5 5 5 5 
4 4 4 4 4 4 4 4 4 4 4 4 
12 12 12 12 12 12 12 12 12 12 12 12 
5 5 5 5 5 5 5 5 5 5 5 5 

8 8 8 8 8 8 8 8 8 8 8 8 
3 3 3 3 3 3 3 3 3 3 3 3 
2 2 2 2 2 2 2 5 5 2 5 2 
5 5 5 5 5 5 5 5 5 5 5 5 
5 5 5 5 5 5 5 5 5 5 5 5 
12 12 12 12 12 12 12 12 12 12 12 12 
12 12 12 12 12 12 12 12 12 12 12 12 
5 5 5 5 5 5 5 5 5 5 5 5 

8 8 8 8 8 8 8 8 8 8 8 8 
12 12 12 12 12 12 12 12 12 12 12 12 
18 18 18 18 18 18 18 18 18 18 18 18 
12 12 12 18 12 12 12 12 12 12 12 12 
12 12 12 12 12 12 12 12 12 12 12 12 
2 2 2 12 2 12 2 2 2 2 2 2 
12 18 18 12 12 12 12 5 18 12 12 12 
15 15 18 15 15 15 15 15 15 15 15 15 

2 2 2 2 2 2 8 2 2 10 10 10 
2 2 2 2 2 2 2 2 2 2 2 2 
2 2 2 2 2 2 2 2 2 2 2 2 
18 18 18 18 18 18 18 18 18 18 18 18 
2 2 2 2 2 2 2 2 2 2 2 2 
2 2 2 2 2 2 2 2 2 2 2 2 
12 12 2 12 12 12 12 12 12 12 12 12 
18 18 18 18 18 18 18 18 18 18 18 18 

8 8 8 8 8 8 8 8 8 8 8 8 
8 8 8 8 8 8 8 8 8 8 8 8 
2 2 8 2 2 2 2 2 2 2 2 2 
18 18 18 18 18 18 18 18 18 18 18 18 
8 8 8 8 8 8 8 8 8 8 8 8 
8 8 8 8 8 8 8 8 8 8 8 8 
12 12 12 12 12 12 12 12 12 12 12 12 
8 8 8 8 8 8 8 8 8 8 8 8 

11 11 11 11 16 11 11 11 11 11 16 11 
11 11 11 11 11 11 11 11 11 11 11 11 
11 11 11 11 11 11 11 11 11 11 11 11 
16 16 16 16 16 16 16 16 16 16 16 16 
11 11 11 11 11 11 11 11 11 11 11 11 
11 11 11 11 11 11 11 11 11 11 11 11 
16 16 16 16 16 16 16 16 16 16 16 16 
11 11 11 11 11 11 11 11 11 11 11 11 

6 6 6 6 6 6 6 6 6 6 6 6 
6 6 6 6 6 6 6 6 6 6 6 6 
6 6 6 6 6 6 3 6 6 6 6 6 
6 6 6 6 6 6 6 6 6 6 6 6 
6 6 6 6 6 6 6 6 6 6 6 6 
6 6 6 6 6 6 6 6 6 6 6 6 
6 6 6 6 6 6 6 6 6 6 6 6 
18 18 18 18 18 18 18 18 18 18 18 18 

9 9 9 9 9 9 9 9 9 9 9 9 
9 9 9 9 9 9 9 9 9 9 9 9 
9 9 9 9 9 9 9 9 9 9 9 9 
16 16 16 16 16 16 16 16 16 16 16 16 
9 9 9 9 9 9 9 9 9 9 9 9 
9 9 9 9 9 9 9 9 9 9 9 9 
9 9 9 9 9 9 9 9 9 9 9 9 
16 16 16 16 16 16 16 16 16 16 16 16 

15 15 15 15 15 15 15 15 15 15 15 15 
7 7 7 7 7 7 7 7 7 7 7 7 
14 14 14 14 14 14 14 14 14 14 14 14 
10 10 10 10 10 10 10 10 10 10 10 10 
10 5 10 10 10 10 5 10 10 10 10 5 
13 13 13 13 13 13 13 13 13 13 13 13 
3 3 3 3 4 3 3 3 3 3 3 4 
10 10 10 10 10 10 10 10 10 10 10 10 

8 18 8 14 8 8 1 1 8 8 2 5 
2 10 10 2 7 8 8 7 7 2 10 12 
14 18 18 18 18 18 18 18 18 13 13 18 
13 12 12 12 12 13 14 12 13 10 12 12 
3 7 15 14 10 13 7 15 18 14 15 13 
12 12 12 18 18 2 7 7 18 4 12 12 
7 10 12 13 18 10 15 2 10 2 13 12 
2 2 14 2 7 2 15 10 2 2 7 7 

