7 7 7 7 7 7 7 7 7 7 7 7 
7 7 7 7 7 7 7 7 7 7 7 7 
16 16 16 16 16 16 16 16 16 16 16 16 
7 7 7 7 7 7 7 7 7 7 7 7 
3 3 3 3 3 3 3 3 3 3 3 3 
7 7 7 7 7 7 7 7 7 7 7 7 
7 7 7 7 7 7 7 7 7 7 7 7 
16 16 16 16 16 16 16 16 16 16 16 16 

12 12 12 12 12 12 12 12 12 12 12 12 
6 6 6 6 6 6 6 6 6 6 6 6 
1 1 1 1 1 1 1 1 1 1 1 1 
1 1 1 1 1 1 1 1 1 1 1 1 
12 12 12 12 12 12 12 12 12 12 12 12 
12 12 12 12 12 12 12 12 12 12 12 12 
1 1 1 1 1 1 1 1 1 1 1 1 
6 6 6 6 6 6 6 6 6 6 6 6 

3 3 3 3 3 3 3 3 3 3 3 3 
10 10 10 10 10 10 10 10 10 10 10 10 
10 10 10 10 10 10 10 10 10 10 10 10 
10 10 10 10 10 10 10 10 10 10 10 10 
10 10 10 10 10 10 10 10 10 10 10 10 
3 3 3 3 3 3 3 3 3 3 3 3 
10 10 10 10 10 10 10 10 10 10 10 10 
3 3 3 3 3 3 3 3 3 3 3 3 

8 8 8 8 8 8 8 8 8 8 8 8 
11 11 11 11 11 11 11 11 11 11 11 11 
8 8 8 8 8 8 8 8 8 8 8 8 
8 8 8 8 8 8 8 8 8 8 8 8 
11 11 11 11 11 11 11 11 11 11 11 11 
3 3 3 3 3 3 3 3 3 3 3 3 
8 8 8 8 8 8 8 8 8 8 8 8 
11 11 11 11 11 11 11 11 11 11 11 11 

5 5 5 5 5 5 5 5 5 5 5 5 
6 6 6 6 6 6 6 6 6 6 6 6 
6 6 6 6 6 6 6 6 6 6 6 6 
6 1 6 6 6 6 6 6 6 6 6 1 
12 12 12 12 12 12 12 12 12 12 12 12 
5 5 5 5 5 5 5 5 5 5 5 5 
9 9 9 9 9 9 9 9 9 9 9 9 
6 6 6 6 6 6 6 6 6 6 6 6 

5 5 5 5 5 5 5 5 5 5 5 5 
6 6 6 6 6 6 6 6 6 6 6 6 
6 6 6 6 12 6 6 6 6 12 6 6 
1 1 1 1 1 1 1 1 1 1 1 1 
12 12 12 12 12 12 12 12 12 12 12 12 
5 5 5 5 5 5 5 5 5 5 5 5 
1 1 1 1 1 1 1 1 1 1 1 1 
6 6 6 6 6 6 6 6 6 6 6 6 

9 9 9 9 9 9 9 9 9 9 9 9 
6 6 6 6 6 6 6 6 6 6 6 6 
6 6 6 6 6 6 6 6 6 6 6 6 
1 1 1 1 1 1 1 1 1 1 1 1 
12 12 12 12 12 12 12 12 12 12 12 12 
12 12 12 12 12 12 12 12 12 12 12 12 
1 1 1 1 1 1 1 1 1 1 1 1 
15 15 15 15 15 15 15 15 15 15 15 15 

2 12 9 15 15 15 15 13 13 12 12 12 
15 2 15 6 6 2 9 6 13 13 6 1 
12 6 13 14 8 14 13 13 14 13 13 6 
6 15 12 12 9 1 12 1 12 1 1 1 
12 1 12 12 12 12 12 12 12 12 12 12 
13 12 12 12 12 12 12 12 12 2 12 2 
9 9 9 9 9 9 9 9 9 9 9 9 
13 13 13 13 15 15 15 15 15 2 13 15 

12 12 12 12 12 12 12 12 12 12 12 12 
6 6 6 6 6 6 6 6 6 6 6 6 
12 12 12 12 12 12 12 6 6 6 12 12 
1 1 1 1 1 1 1 1 1 1 1 1 
12 12 12 12 12 12 12 12 12 12 12 12 
12 12 12 12 12 12 12 12 12 12 12 12 
9 1 1 1 1 1 1 1 1 1 1 1 
15 15 15 15 15 15 15 15 15 15 15 15 

2 2 2 2 2 2 2 2 2 2 2 2 
2 2 2 2 2 2 2 2 2 2 2 2 
1 1 1 1 1 1 1 1 1 1 1 1 
1 1 1 1 1 1 1 1 1 1 1 1 
12 12 12 12 12 12 12 12 12 12 12 12 
12 12 12 12 12 12 12 12 12 12 12 12 
15 15 15 15 15 15 15 15 15 15 15 15 
12 12 12 12 12 12 13 12 12 12 12 12 

2 2 2 2 2 2 2 2 2 2 2 2 
6 6 6 6 6 6 6 6 6 6 6 6 
13 13 13 13 13 13 13 13 13 13 13 13 
6 6 6 6 6 6 6 6 6 6 6 6 
12 12 12 12 12 12 12 12 12 12 12 12 
2 2 2 2 2 2 2 2 2 2 2 2 
15 15 15 15 15 15 15 15 15 15 15 15 
6 6 6 2 6 6 6 6 6 6 6 6 

17 18 18 18 17 17 18 18 18 17 17 18 
18 18 17 18 18 17 18 18 17 18 18 18 
17 18 0 17 17 17 18 17 17 18 17 17 
18 18 17 17 17 18 18 18 18 17 17 17 
15 18 18 17 15 18 18 18 18 18 17 17 
18 18 18 18 18 18 18 18 18 18 18 18 
17 15 17 17 18 18 17 18 17 17 18 17 
17 18 18 17 18 17 18 18 17 17 18 17 

14 2 2 2 2 2 2 2 2 12 6 12 
2 2 2 2 2 2 2 2 2 2 2 2 
15 13 13 2 13 13 13 2 13 13 13 13 
5 5 5 5 5 5 5 5 5 5 5 5 
13 13 13 13 13 13 13 13 13 13 13 13 
2 2 2 2 2 2 2 2 2 2 2 2 
15 15 15 15 15 15 15 15 15 15 15 15 
13 13 13 13 13 13 13 13 13 13 13 13 

2 2 2 2 2 2 2 2 2 2 2 15 
15 15 15 15 15 15 15 15 15 15 15 15 
15 2 2 2 2 2 2 2 2 2 2 2 
5 5 5 5 5 5 5 5 5 5 5 5 
2 2 2 2 2 2 2 2 2 2 2 2 
2 2 2 2 2 2 2 2 2 2 2 2 
15 15 15 15 15 15 15 15 15 15 15 15 
2 2 2 2 2 2 2 2 2 2 2 2 

7 7 7 7 7 7 7 7 7 7 7 7 
4 4 4 4 4 4 4 4 4 4 4 4 
4 4 4 4 4 4 4 4 4 4 7 7 
7 7 7 7 7 7 7 7 7 7 7 7 
4 4 4 4 4 4 4 4 4 4 4 4 
7 7 7 7 4 4 4 4 4 4 4 4 
7 7 7 7 7 7 7 7 7 7 7 7 
7 7 7 7 7 7 7 7 7 7 7 7 

14 14 14 14 14 14 14 14 14 14 14 14 
14 14 14 14 14 14 14 14 14 14 14 14 
14 14 14 14 14 14 8 14 14 14 14 14 
14 14 14 14 14 14 14 14 14 14 14 14 
14 14 14 14 14 14 14 14 14 14 14 14 
14 14 14 14 14 14 14 14 14 14 14 14 
14 14 14 14 14 14 14 14 14 14 14 14 
14 2 2 14 7 7 7 7 7 7 7 14 

4 4 4 4 4 4 4 4 4 4 4 4 
4 4 4 4 4 4 4 4 4 4 4 4 
4 4 4 4 4 4 4 4 4 4 4 4 
16 16 16 16 16 16 16 16 16 16 16 16 
4 4 4 4 4 4 4 4 4 4 4 4 
4 4 4 4 4 4 4 4 4 4 4 4 
4 4 4 4 4 4 4 4 4 4 4 4 
16 16 16 16 16 16 16 16 16 16 16 16 

9 18 18 18 9 17 9 18 18 18 0 0 
6 17 0 6 17 0 6 6 0 6 6 0 
0 0 17 6 6 6 6 6 0 6 6 17 
0 17 17 0 0 17 17 0 17 0 0 17 
18 0 18 0 18 12 0 12 18 0 0 18 
5 5 5 5 5 5 5 5 5 5 5 5 
0 17 17 0 18 17 0 0 17 0 17 0 
0 17 17 0 0 17 17 0 17 0 0 17 

2 13 2 13 2 2 2 13 2 2 13 13 
13 15 15 13 13 2 2 13 13 13 15 15 
1 17 15 15 9 15 1 9 13 9 15 13 
1 15 15 17 15 17 0 15 0 1 15 15 
6 17 2 13 0 13 13 9 17 17 0 0 
15 2 13 15 15 13 17 13 13 1 15 2 
17 1 15 6 9 9 9 15 9 15 17 0 
13 13 12 6 12 9 13 6 13 17 13 15 

